>hg18	2185	23
# chr1
1 2 3 4 5 6 8 9 10 11 12 13 33 35 36 37 38 39 40 41 42 43 44 45 46 62 63 64 65 66 67 68 69 70 71 72 73 74 75 77 78 79 80 81 82 87 88 95 136 137 140 141 142 144 145 153 154 155 156 157 158 159 160 161 $
# chr10
162 163 164 169 170 171 172 176 177 178 179 180 181 182 183 184 185 186 187 188 189 190 200 201 217 218 223 224 225 226 227 237 238 239 241 242 243 244 245 246 247 248 249 250 251 252 253 254 255 256 257 258 $
# chr11
265 266 270 271 272 275 276 277 278 279 280 281 282 283 284 285 286 287 288 289 290 291 292 293 294 295 296 297 300 314 315 320 321 322 323 324 325 326 327 328 329 330 331 332 333 334 335 336 337 338 339 340 341 342 343 344 350 351 352 353 354 356 357 358 359 360 361 362 363 364 $
# chr12
365 368 369 376 377 378 381 382 383 384 389 395 398 399 400 402 403 404 406 407 408 409 410 411 412 413 414 415 416 417 418 419 420 421 422 423 424 425 426 427 428 429 430 431 432 433 434 435 436 437 438 439 440 444 445 446 447 448 449 450 451 452 456 457 458 459 460 461 462 $
# chr13
475 476 477 478 479 480 481 485 486 487 488 489 490 491 492 493 495 496 497 498 499 500 501 502 503 504 505 506 507 508 509 510 511 512 513 514 515 516 517 518 519 520 521 522 523 524 525 526 527 528 529 530 531 532 533 534 535 $
# chr14
541 542 543 544 545 546 547 561 564 565 566 567 568 569 571 572 573 574 575 576 577 578 579 580 581 582 583 584 585 586 587 588 589 590 591 592 593 594 595 $
# chr15
604 605 606 607 608 614 615 619 620 621 622 626 631 632 634 635 641 642 646 647 651 652 653 654 655 $
# chr16
660 661 662 663 683 684 685 686 687 688 689 690 696 697 698 703 704 705 708 709 710 713 714 $
# chr17
717 723 736 737 740 741 747 749 750 752 753 759 760 761 762 763 764 765 766 $
# chr18
769 770 771 772 773 774 775 776 777 778 779 780 781 782 783 784 785 786 787 788 800 801 802 813 814 815 $
# chr19
817 846 847 848 849 850 851 852 853 854 855 856 857 860 861 862 863 864 865 873 874 $
# chr2
878 879 880 881 882 884 885 886 887 888 890 891 909 910 912 918 919 922 923 924 925 926 927 928 929 944 957 969 970 989 990 991 992 993 994 995 1005 1006 1007 1008 1009 1010 1011 1012 1013 1014 1015 1016 1017 1018 1019 1020 1021 1022 1023 1024 1036 1037 1038 1039 1040 1041 1042 1043 1044 1045 1046 1053 1054 1055 1056 1063 1064 1065 1079 1080 1082 1083 1085 1086 $
# chr20
1091 1092 1093 1094 1095 1096 1097 1099 1100 1108 1109 1113 1114 1115 1116 1118 1119 1125 1126 1129 1130 1131 $
# chr21
1132 1144 1145 1146 1148 1151 1155 $
# chr22
1164 1165 1166 1167 1168 1169 1178 1179 1180 1181 1182 1183 1184 1185 1186 1187 1188 1189 1190 1191 $
# chr3
1193 1206 1207 1208 1209 1210 1211 1212 1213 1214 1215 1216 1222 1223 1237 1239 1243 1244 1245 1246 1247 1248 1249 1250 1251 1256 1257 1258 1259 1260 1261 1262 1263 1264 1265 1266 1267 1268 1278 1280 1286 1287 1290 1307 1317 1318 1319 1320 1321 1322 1323 1324 1325 1326 1327 1328 1329 1330 1331 1333 1334 1335 1336 1337 1338 1339 1340 1341 1342 1343 1344 1345 1346 1347 1348 1349 1352 1353 1354 1355 1356 1357 1358 1361 1363 $
# chr4
1367 1368 1372 1373 1374 1375 1376 1377 1378 1379 1380 1381 1382 1383 1384 1385 1386 1387 1388 1389 1390 1391 1392 1393 1394 1395 1396 1402 1403 1419 1420 1423 1424 1435 1437 1446 1447 1448 1449 1450 1451 1452 1453 1454 1455 1456 1457 1458 1460 1461 1462 1463 1464 1465 1466 1467 1468 1469 1470 1471 1472 1473 1474 1475 1476 1477 1478 1490 1493 1494 1495 1496 1497 $
# chr5
1499 1500 1501 1502 1506 1507 1508 1509 1510 1511 1512 1513 1514 1515 1516 1517 1518 1519 1520 1521 1522 1523 1532 1533 1534 1535 1536 1537 1538 1539 1540 1541 1542 1543 1544 1545 1546 1547 1548 1549 1550 1551 1555 1556 1557 1558 1559 1560 1561 1562 1563 1564 1565 1566 1567 1568 1569 1570 1573 1574 1575 1576 1577 1587 1593 1594 1595 1596 1597 1598 1600 1601 1602 1603 1604 1605 1606 1607 1610 1611 1620 1621 1622 1623 1624 1625 1626 1627 1628 1629 1630 1631 1632 1633 1634 1635 1636 1637 1638 1640 1641 1642 1643 1644 1645 $
# chr6
1646 1647 1651 1652 1653 1655 1656 1657 1658 1669 1670 1671 1672 1673 1674 1675 1683 1684 1685 1686 1687 1688 1689 1690 1691 1692 1693 1694 1695 1696 1697 1698 1700 1701 1702 1703 1704 1705 1706 1707 1708 1709 1710 1711 1712 1713 1714 1715 1716 1717 1718 1719 1720 1721 1722 1723 1724 1725 1726 1727 1728 1729 1730 1731 1732 1733 1734 1735 1736 1737 1738 1739 1740 1741 1742 1747 1748 1749 1750 1751 1752 1753 $
# chr7
1754 1759 1760 1761 1762 1763 1764 1765 1766 1767 1768 1769 1770 1771 1772 1773 1774 1775 1776 1780 1783 1784 1785 1786 1793 1798 1799 1800 1801 1802 1808 1809 1810 1811 1812 1813 1814 1815 1823 1824 1825 1831 1834 1835 1836 1837 1841 1842 1843 1844 1860 1861 1862 1863 1881 1882 1883 1884 1885 $
# chr8
1888 1898 1899 1912 1926 1927 1928 1929 1930 1931 1932 1933 1934 1935 1936 1937 1938 1939 1940 1941 1942 1943 1944 1945 1946 1947 1948 1949 1950 1951 1952 1953 1954 1955 1956 1957 1958 1959 1960 1961 1962 1963 1964 1965 1966 1967 1968 1969 1970 1971 1972 1973 1974 1975 1976 1977 1978 1980 $
# chr9
1982 1983 2014 2015 2023 2024 2025 2026 2046 2047 2058 2060 2061 2062 2063 2068 2069 2070 2071 2076 2077 2078 2081 2083 2084 $
# chrX
2085 2086 2087 2088 2089 2090 2091 2092 2093 2094 2095 2096 2097 2098 2099 2100 2101 2102 2103 2104 2105 2106 2107 2108 2109 2110 2134 2135 2142 2143 2160 2161 2164 2179 $
>rheMac2	2185	21
# chr1
-1367 1 2 3 4 5 6 8 9 10 11 12 13 33 35 36 37 38 39 40 41 42 43 44 45 46 62 63 64 65 66 67 68 69 70 71 72 73 74 75 77 78 79 80 81 82 87 88 95 -145 -144 -142 -141 -140 -137 -136 -161 -160 -159 -158 -157 -156 -155 -154 -153 $
# chr10
-1131 -1130 -1129 -1126 -1125 -1119 -1118 -1116 -1115 -1114 -1113 -1109 -1108 1091 1092 1093 1094 1095 1096 1097 1099 1100 1164 1165 1166 1167 1168 1169 1178 1179 1180 1181 1182 1183 1184 1185 1186 1187 1188 1189 1190 1191 $
# chr11
365 368 369 376 377 378 381 382 383 384 389 395 398 399 400 402 403 404 406 407 408 409 410 411 412 413 414 415 416 417 418 419 -1290 420 421 422 423 424 425 426 427 428 429 430 431 432 433 434 435 436 437 438 439 440 444 445 446 447 448 449 450 451 452 456 457 458 459 460 461 462 $
# chr12
991 992 993 994 995 1005 1006 1007 1008 1009 1010 1011 1012 1013 1014 1015 1016 1017 1018 1019 1020 1021 1022 1023 1024 1036 1037 1038 1039 1040 1041 1042 1043 1044 1045 1046 1053 1054 1055 1056 1063 1064 1065 1079 1080 1082 1083 1085 1086 $
# chr13
878 879 880 881 882 884 885 886 887 888 890 891 909 910 912 918 919 922 923 924 925 926 927 928 929 944 957 -990 -989 969 970 $
# chr14
-315 -314 -300 -297 -296 -295 -294 -293 -292 -291 -290 -289 -288 -287 -286 -285 -284 -283 -282 -281 -280 -279 -278 -277 -276 -275 -272 -271 -270 -266 -265 320 321 322 323 324 325 326 327 328 329 330 331 332 333 334 335 336 337 338 339 340 341 342 343 344 350 351 352 353 354 356 357 358 359 360 361 362 363 364 $
# chr15
-2084 -2083 -2081 -2078 -2077 -2076 -2063 -2062 -2061 -2060 -2058 -2047 -2046 -2015 -2014 -1983 -1982 2023 2024 2025 2026 -2071 -2070 -2069 -2068 $
# chr16
717 723 747 749 750 -753 -752 736 737 740 741 759 760 761 762 763 764 765 766 $
# chr17
475 476 477 478 479 480 481 485 486 487 488 489 490 491 492 493 495 496 497 498 499 500 501 502 503 504 505 506 507 508 509 510 511 512 513 514 515 516 517 518 519 520 521 522 523 524 525 526 527 528 -529 530 531 532 533 534 535 $
# chr18
-774 -773 -772 771 -770 -769 775 776 777 778 779 780 781 782 783 784 785 786 787 788 800 801 802 813 814 815 $
# chr19
817 846 847 848 849 850 851 852 853 854 855 856 857 860 861 862 863 864 865 873 874 $
# chr2
1256 1257 1258 1259 1260 1261 1262 1263 1264 1265 1266 1267 1268 1278 1280 1286 1287 -1193 -1251 -1250 -1249 -1248 -1247 -1246 -1245 -1244 -1243 -1239 -1237 -1223 -1222 -1349 -1348 -1347 -1346 -1345 -1344 -1343 -1342 -1341 -1340 -1339 -1338 -1337 -1336 -1335 -1334 -1333 -1331 -1330 -1329 -1328 -1327 -1326 -1325 -1324 -1323 -1322 -1321 -1320 -1319 -1318 -1317 -1307 1206 1207 1208 1209 1210 1211 1212 1213 1214 1215 1216 1352 1353 1354 1355 1356 1357 1358 -1363 -1361 $
# chr20
660 661 662 663 683 684 685 686 687 688 689 690 696 697 698 -705 -704 -703 708 709 710 713 714 $
# chr3
-1155 -1151 -1148 -1146 -1145 -1144 -1132 1754 1831 1798 1799 1800 1801 1802 -1793 -1786 -1785 -1784 -1783 -1780 -1776 -1775 -1774 -1773 -1772 -1771 -1770 -1769 -1768 -1767 -1766 -1765 -1764 -1763 -1762 -1761 -1760 -1759 -1825 -1824 -1823 -1815 -1814 -1813 -1812 -1811 -1810 -1809 -1808 1834 1835 1836 1837 1841 1842 1843 1844 1860 1861 1862 1863 1881 1882 1883 1884 1885 $
# chr4
1646 1647 1651 1652 1653 1655 1656 1657 1658 1669 1670 1671 1672 1673 1674 1675 1683 1684 1685 1686 1687 1688 1689 1690 1691 1692 1693 1694 1695 1696 1697 1698 1700 1701 1702 1703 1704 1705 1706 1707 1708 1709 1710 -1742 -1741 -1740 -1739 -1738 -1737 -1736 -1735 -1734 -1733 -1732 -1731 -1730 -1729 -1728 -1727 -1726 -1725 -1724 -1723 -1722 -1721 -1720 -1719 -1718 -1717 -1716 -1715 -1714 -1713 -1712 -1711 1747 1748 1749 1750 1751 1752 1753 $
# chr5
-1368 1372 1373 1374 1375 1376 1377 1378 1379 1380 1381 1382 1383 1384 1385 1386 1387 1388 1389 1390 1391 1392 1393 1394 1395 -1424 -1423 -1420 -1419 -1403 -1402 -1396 1435 1437 1446 1447 1448 1449 1450 1451 1452 1453 1454 1455 1456 1457 1458 1460 1461 1462 1463 1464 1465 1466 1467 1468 1469 1470 1471 1472 1473 1474 1475 1476 1477 1478 1490 1493 1494 1495 1496 1497 $
# chr6
1499 1500 1501 1502 1506 1507 1508 1509 1510 1511 1512 1513 1514 1515 1516 1517 1518 1519 1520 1521 1522 1523 1532 1533 1534 1535 1536 1537 1538 1539 1540 1541 1542 1543 1544 1545 1546 1547 1548 1549 1550 1551 1555 1556 1557 1558 1559 1560 1561 1562 1563 1564 1565 1566 1567 1568 1569 1570 -1573 1574 1575 1576 1577 1587 1593 1594 1595 1596 1597 1598 1600 1601 1602 1603 1604 1605 1606 1607 1610 1611 1620 1621 1622 1623 1624 1625 1626 1627 1628 1629 1630 1631 1632 1633 1634 1635 1636 1637 1638 1640 1641 1642 1643 1644 1645 $
# chr7
604 605 606 607 608 614 615 619 620 621 622 626 631 632 634 635 -642 -641 646 647 651 652 653 654 655 541 542 543 544 545 546 547 561 564 565 566 567 568 569 571 572 573 574 575 576 577 578 579 580 581 582 583 584 585 586 587 588 589 590 591 592 593 594 595 $
# chr8
1888 1898 1899 1912 1926 1927 1928 1929 1930 1931 1932 1933 1934 1935 1936 1937 1938 1939 1940 1941 1942 1943 1944 1945 1946 1947 1948 1949 1950 1951 1952 1953 1954 1955 1956 1957 1958 1959 1960 1961 1962 1963 1964 1965 1966 1967 1968 1969 1970 1971 1972 1973 1974 1975 1976 1977 1978 1980 $
# chr9
162 163 164 169 170 171 172 176 177 178 179 180 181 182 183 184 185 186 187 188 189 190 -201 -200 -227 -226 -225 -224 -223 -218 -217 237 238 239 241 242 243 244 245 246 247 248 249 250 251 252 253 254 255 256 257 258 $
# chrX
2085 2086 2087 2088 2089 2090 2091 2092 2093 2094 2095 2096 2097 2098 2099 2100 2101 2102 2103 2104 2105 2106 2107 2108 2109 2110 2134 2135 2142 2143 2160 2161 2164 2179 $
>mm9	2185	20
# chr1
-1929 -1928 -1927 1938 1939 1940 1941 1674 1675 -1689 -1688 -1687 -1686 -1685 -1684 -1683 957 -1039 -1038 -1037 -1036 1040 1041 1042 1043 1044 1045 1046 1053 1054 1055 1056 1063 1064 1065 1079 1080 1082 1083 1085 1086 -1573 1574 1575 -1576 800 801 802 -970 -969 989 990 -141 -140 -137 -136 157 158 159 160 161 -145 -144 -142 $
# chr10
-1740 -1739 -1738 -1737 -1736 -1735 -1734 -1733 -1732 -1731 -1730 -1729 -1728 -1727 -1726 -1725 -1724 -1723 -1722 -1721 -1720 -1719 -1718 -1713 -1712 -1711 -1710 -1709 -1708 -1707 -1706 -1705 1714 1715 1716 1717 -218 -217 -1155 817 439 440 -438 -437 -436 -435 -434 -433 -432 -431 -430 -429 -428 -427 -426 -425 -424 -423 -422 -421 -420 -419 -418 -417 -416 -415 -414 -413 -412 -411 -410 -409 -408 -407 -406 -404 -403 -402 -400 -399 $
# chr11
-1169 1793 -928 -927 -926 -925 -924 -923 -922 -919 -918 1636 1637 -1634 -1633 -1632 -1631 -1630 -1629 -1628 -1627 -1626 -1625 -1624 -1623 -1622 -1621 -1645 -1644 -1643 -1642 -1603 -1602 -1601 -1600 1620 -723 -717 -737 -736 752 753 -750 -749 -747 740 741 759 760 761 762 763 764 765 766 $
# chr12
-891 -890 -888 -887 -886 -885 -884 -882 881 -880 -879 -878 -1837 -1836 -1835 -1766 -1765 -1764 -1763 -1762 -1761 -1842 -1841 541 542 543 544 545 546 547 565 566 567 568 569 571 572 573 574 575 576 577 578 579 580 581 582 583 584 585 586 587 588 589 590 591 592 593 594 595 -1885 -1768 -1767 $
# chr13
-164 -163 -162 -156 -155 -154 -1786 -1785 -1784 -1783 -1658 -1657 -1656 1646 1647 1651 1652 1653 1655 -1638 1640 1641 1604 1605 -1502 -1501 -1500 -1499 -1568 -1567 -1566 -1565 -1564 1563 -1562 -1561 -1560 -1559 -1558 -1557 -1556 -1555 -1551 -1550 -1549 -1548 -1547 -1546 -1545 -1544 -1543 -1542 -1541 -1540 -1539 -1538 -1537 -1536 $
# chr14
1243 1244 1245 -1215 -1214 -1213 -1212 -1211 -1210 223 224 225 226 227 -1239 -1237 -201 -200 561 564 -492 493 -1912 -491 -490 -489 -488 -487 -486 -485 495 496 497 498 499 500 501 502 503 504 505 506 507 508 509 510 511 512 513 514 515 516 517 518 519 520 521 522 523 524 $
# chr15
-1535 -1534 -1533 -1532 -1523 -1522 -1521 -1520 -1519 -1518 -1517 -1516 -1515 -1514 -1513 -1512 -1511 -1510 -1509 -1508 -1507 -1506 1953 1954 1955 1956 1957 1958 1959 1960 1961 1962 1963 1964 1965 1966 1967 1968 1969 1970 1971 1972 1973 1974 1975 1976 1977 1978 1980 1178 1179 1180 1181 1182 1183 1184 1185 1186 1187 1188 1189 1190 1191 395 398 $
# chr16
660 661 662 663 -1926 1346 1347 1348 1349 1352 1353 1354 1355 1356 1357 1358 -1361 1363 -1287 -1286 -1280 -1278 -1268 -1267 -1266 -1265 -1264 -1263 -1262 -1261 -1260 -1259 -1258 -1257 -1256 1132 1144 1145 1146 1148 $
# chr17
1741 1742 -1750 -1749 -1748 -1747 1751 1752 1753 -1570 -1569 1635 1669 1670 1671 1151 -1673 -1672 1206 1207 1208 1209 1577 -770 -769 909 910 912 $
# chr18
186 187 -188 189 184 185 775 776 777 778 779 780 781 782 783 784 785 786 1606 1607 1610 1611 1587 1593 1594 1595 1596 1597 1598 771 772 773 774 -788 -787 -815 -814 -813 $
# chr19
-2026 -2025 -2024 -2023 1982 1983 237 238 239 241 242 243 244 245 246 247 248 249 $
# chr2
-172 -171 -170 -169 176 177 178 179 180 181 182 183 -991 -2084 -2083 2081 2078 -2077 2076 -2071 -2070 -2069 2068 992 993 994 995 1005 1006 1007 1008 1009 1010 1011 1012 1013 1014 1015 1016 1017 1018 1019 1020 1021 1022 1023 1024 -300 -297 -296 -295 -294 -293 -292 -291 -290 -289 -288 -287 -286 -285 -284 -283 -282 -281 604 605 606 607 608 614 615 1091 1092 1093 1094 1095 1096 1097 1099 1100 1108 1109 1113 1114 1115 1116 1118 1119 1125 1126 1129 1130 1131 $
# chr3
1942 1943 1944 1945 1946 1937 -1338 -1337 -1336 -1335 -1334 -1333 -1331 -1330 1326 1327 1328 1329 1339 1340 1341 1342 1343 1344 1345 1453 1454 1455 1456 1457 1458 1460 1461 1462 1463 1464 1465 1466 1467 -481 -480 -479 -478 -477 -476 1317 1318 1319 1320 1321 1322 1323 1324 1325 -1478 -1477 -95 -88 -87 -82 -81 -80 -79 -78 -77 -1451 -1450 -1449 -1448 -1447 -1446 -1437 -74 -73 -72 -71 -70 -69 -68 -67 -66 -65 -64 -63 -62 $
# chr4
1930 1931 1932 1933 1934 -1952 -1951 -1950 -1949 -1948 -1947 -1936 -1935 -1704 -1703 -1702 -1701 -1700 2014 2015 2046 2047 2058 2060 2061 2062 2063 43 44 45 46 -42 -41 -40 -39 -38 -37 -36 -35 -33 -13 -12 -11 -10 -9 -8 -6 -5 -4 -3 -2 -1 $
# chr5
-1824 -1823 -1815 -1814 -1813 -1812 -1811 -1810 -1809 -1808 1834 1769 1770 1881 1882 1883 1884 1367 -1368 1372 1373 1374 1375 1376 1377 1378 1379 1380 1381 1382 1383 1384 1385 1386 1387 1388 1389 1390 1391 1392 1393 1394 1395 1396 1402 1403 1419 1420 1423 1424 75 -462 -1168 -1167 -1166 -1165 -1164 -452 -451 -450 -449 -448 -447 -446 -445 -444 456 457 458 459 460 461 -1802 -1801 -1800 -1799 -1798 -1831 1754 475 $
# chr6
1825 1759 1760 1843 1844 1860 1861 1862 1863 1771 1772 1773 1774 1775 1776 1435 -1452 -944 -929 -1290 1246 1247 1248 1249 1250 1251 1193 -365 -369 -368 376 377 378 381 382 383 384 389 $
# chr7
873 874 -865 -864 -863 -862 -861 -860 -857 -856 -855 -854 -853 -852 -851 -850 -849 -848 -847 846 275 276 277 278 279 280 -655 -654 -653 652 -651 646 647 641 642 -327 -326 -325 -324 -323 -322 -321 -320 265 266 270 271 272 250 251 252 253 254 255 256 257 258 -315 -314 $
# chr8
525 526 527 528 529 530 531 532 533 534 535 1888 1898 1899 -1497 -1496 -1495 -1494 -1493 -1490 -1476 -1475 -1474 -1473 -1472 -1471 -1470 -1469 -1468 683 684 685 686 687 688 689 690 696 697 698 -705 -704 -703 708 709 710 713 714 153 -190 $
# chr9
-344 -343 -342 -341 -340 -339 -338 337 -336 -335 -334 -333 -332 -331 -330 -329 -328 1780 -364 -363 -362 -361 -360 -359 -358 -357 -356 -354 -353 -352 -351 -350 634 635 -632 -631 -626 -622 -621 -620 -619 1690 1691 1692 1693 1694 1695 1696 1697 1698 -1307 -1216 1222 1223 $
# chrX
2160 2161 2164 2179 2085 2086 2087 -2110 -2109 -2108 -2107 -2106 -2105 2134 2135 2142 2143 -2104 -2103 -2102 -2101 -2100 -2099 -2098 -2097 -2096 -2095 -2094 -2093 -2092 -2091 -2090 -2089 -2088 $
>rn4	2185	21
# chr1
-1737 -1736 -1735 -1734 -1733 -1732 -1731 -1730 -1729 -1728 -1727 1721 1722 1723 1724 1725 1726 1718 1719 1720 1738 1739 1740 1741 1742 1747 1748 1749 -1750 1751 1752 1753 -1570 -1569 -874 -873 -865 -864 -863 -862 -861 -860 -857 -856 -855 -854 -853 -852 -851 -850 -849 -848 -847 846 275 276 277 278 279 280 -655 -654 -653 652 -651 646 647 641 642 -327 -326 -325 -324 -323 -322 -321 -320 265 266 270 271 272 250 251 252 253 254 255 256 257 258 -315 -314 -2026 -2025 -2024 -2023 1982 1983 237 238 239 241 242 243 244 245 246 247 248 249 $
# chr10
-663 -662 -661 -660 -1637 -1636 -1635 -1634 -1633 -1632 -1631 -1630 -1629 -1628 -1627 -1626 -1625 -1624 -1623 -1622 -1621 -1645 -1644 -1643 -1642 -1603 -1602 -1601 -1600 1620 -723 -717 -737 -736 752 753 -750 -749 -747 740 741 759 760 761 762 763 764 765 766 $
# chr11
-1265 -1264 -1263 -1262 -1261 -1260 -1259 -1258 -1257 -1256 1132 1144 1145 1146 1148 1266 -1267 1268 1278 1280 1286 1287 -1363 1361 -1358 -1357 -1356 -1355 -1354 -1353 -1352 -1349 -1348 -1347 -1346 1926 $
# chr12
-475 -1754 1831 1798 1799 -1801 -1800 1802 -461 -460 -459 -458 -457 -456 444 445 446 447 448 449 450 451 452 1166 1167 1168 462 $
# chr13
800 801 802 -970 -969 989 990 -141 -140 -137 -136 157 158 159 160 161 -145 -144 -142 $
# chr14
-75 -1424 -1423 -1420 -1419 -1403 -1402 -1396 -1395 -1394 -1393 -1392 -1391 -1390 -1389 -1388 -1387 -1386 -1385 -1384 -1382 -1381 -1380 -1379 -1378 -1377 -1376 -1375 -1374 -1373 -1372 1368 -1367 -1169 1793 -928 -927 -926 -925 -924 -923 -922 -919 918 $
# chr15
-225 -224 -223 1210 1211 1212 1213 1214 1215 -1245 -1244 -1243 561 564 -492 493 -1912 -491 -490 -489 -488 -487 -486 -485 495 496 497 498 499 500 501 502 503 504 505 506 507 508 509 510 511 512 513 514 515 516 517 518 519 520 521 522 523 524 $
# chr16
226 227 -1239 -1237 -201 -200 1490 1493 1494 1495 -1496 1497 -1899 -1898 -1888 -535 -534 -533 -532 -531 -530 -529 -528 -527 -526 $
# chr17
1499 1500 1501 1502 -1605 -1604 -1641 -1640 1638 -1655 -1653 -1652 -1651 -1647 -1646 1656 1657 1658 1783 1784 1785 1786 -189 188 -187 -186 184 185 154 155 156 162 163 164 169 170 171 172 176 177 178 179 180 181 182 183 $
# chr18
775 776 777 778 779 780 781 782 783 784 785 786 1606 1607 1610 1611 1587 1593 1594 1595 1596 1597 1598 770 771 772 773 -774 -788 -787 -815 -814 -813 $
# chr19
-698 -697 -696 -1165 -1164 -690 -689 -688 -687 -686 -685 -684 -683 1468 1469 1470 1471 1472 1473 1474 1475 1476 -705 -704 -703 708 709 710 713 714 153 -190 $
# chr2
-1568 -1567 -1566 -1565 -1564 1563 -1562 -1561 -1560 -1559 -1558 -1557 -1556 -1555 -1551 -1550 -1549 -1548 -1547 -1546 -1545 -1544 -1541 -1543 -1542 -1540 -1539 -1538 -1537 -1536 -1535 -1534 -1533 -1532 -1523 -1522 -1521 -1520 -1519 -1518 -1517 -1516 -1515 -1514 -1513 -1512 -1511 -1510 -1509 -1508 -1507 -1506 -1946 -1945 -1944 -1943 -1942 1937 -1338 -1337 -1336 -1335 -1334 -1333 1326 1327 -1331 -1330 -1329 -1328 1339 1340 1341 1342 1343 1344 1345 1453 1454 1455 1456 1457 1458 1460 1461 1462 1463 1464 1465 1466 1467 -481 -480 -479 -478 -477 -476 1317 1318 1319 1320 1321 1322 1323 1324 1325 -1478 -1477 -95 -88 -87 -82 -81 -80 -79 -78 -77 -1451 -1450 -1449 -1448 -1447 -1446 -1437 -74 -73 -72 -71 -70 -69 -68 -67 -66 -65 -64 -63 -62 $
# chr20
1669 1670 1671 1151 1155 -217 -218 1714 1715 1716 1717 -1713 -1712 -1711 -1710 -1709 -1708 -1707 -1706 -1705 $
# chr3
-991 -2084 -2083 2081 2078 -2077 2076 -2071 -2070 2068 2069 992 993 994 995 1005 1006 1007 1008 1009 1010 1011 1012 1013 1014 1015 1016 1017 1018 1019 1020 1021 1022 1023 1024 -300 -297 -296 -295 -294 -293 -292 -291 -290 -289 -288 -287 -286 -285 -284 -283 -282 -281 604 605 606 607 608 614 615 1091 1092 1093 1094 1095 1096 1097 1099 1100 1108 1109 1113 1114 1115 1116 1118 1119 1125 1126 1129 1130 1131 $
# chr4
-1884 -1883 -1882 -1881 -1769 -1834 1808 1809 1810 1811 1383 1812 1813 1814 1815 1823 1824 1825 1759 1760 1843 1844 1860 1861 1862 1863 1770 1771 1772 1773 1774 1775 1776 1435 -1452 -944 -929 -1290 1246 1247 1248 1249 1250 1251 1193 -365 -369 -368 376 377 378 381 382 383 384 389 $
# chr5
-1941 -1940 -1939 -1938 1927 1928 1929 1930 1931 1932 1933 1934 -1951 -1950 -1949 -1948 -1947 -1936 -1935 -1704 -1703 -1702 -1701 -1700 2014 2015 2046 2047 2058 2060 2061 2062 2063 43 44 45 46 -42 -41 -40 -39 -38 -37 -36 -35 -33 -13 -12 -11 -10 -9 -8 -6 -5 -4 -3 -2 -1 $
# chr6
909 910 912 -891 -890 -888 -887 -886 -885 -884 -882 881 -880 -879 -878 -1837 -1836 -1835 -1766 -1765 -1764 -1763 -1762 -1761 -1842 -1841 541 542 543 544 545 546 547 565 566 567 568 569 571 572 573 574 575 576 577 578 579 580 581 582 583 584 585 586 587 588 589 590 591 592 593 594 595 -1885 -1768 -1767 $
# chr7
-399 -817 -440 -439 -438 -437 -436 -435 -434 -433 -432 -431 -430 -429 -428 -427 -426 -425 -424 -423 -422 -421 -420 -419 -418 -417 -416 -415 -414 -413 -412 -411 -410 -409 -408 -407 -406 -404 -403 -402 -400 1952 1953 1954 1955 1956 1957 1958 1959 1960 1961 1962 1963 1964 1965 1966 1967 1968 1969 1970 1971 1972 1973 1974 1975 1976 1977 1978 1980 1178 1179 1180 1181 1182 1183 1184 1185 1186 1187 1188 1189 1190 1191 395 398 $
# chr8
-344 -343 -342 -341 -340 -339 -338 -337 -336 -335 -334 -333 -332 -331 -330 -329 -328 1780 -364 -363 -362 -361 -360 -359 -358 -357 -356 -354 -353 -352 -351 -350 634 635 -632 -631 -626 -622 -621 -620 -619 1690 1691 1692 1693 1694 1695 1696 1697 1698 -1307 -1216 1222 1223 $
# chr9
-1209 -1208 -1207 -1206 1672 1673 1674 1675 -1689 -1688 -1687 -1686 -1685 -1684 -1683 957 525 1036 1037 1038 1039 1040 1041 1042 1043 1044 1045 1046 1053 1054 1055 1056 1063 1064 1065 1079 1080 1082 1083 1085 1086 -1573 1574 1575 1576 1577 -769 $
# chrX
-2161 -2160 2088 2089 2090 2091 2092 2093 2094 2095 2096 2097 2098 2099 2100 2101 2102 2103 2104 2085 2086 2087 -2110 -2109 -2108 -2107 -2106 -2105 2134 2135 2142 2143 2164 2179 $
>canFam2	2185	39
# chr1
-815 -814 -813 -802 -801 -800 -774 1724 1725 1726 1727 1728 1729 1730 1731 1732 1733 1734 1735 1736 1737 1738 1739 1740 1741 1742 1747 1748 1749 1750 1751 1752 1713 1714 1715 1716 1717 1718 1719 1720 1721 1722 1723 -2026 -2025 -2024 -2023 1982 1983 -874 -873 -865 -864 -863 -862 -861 -860 -857 -856 -855 854 853 -852 -851 -850 -849 -848 -847 -846 $
# chr10
399 400 402 403 404 406 407 408 409 410 411 412 413 414 415 416 -1191 -1190 -1189 -1188 -1187 -1186 -1185 -1184 -1183 -1182 -1181 -1180 -1179 -1178 -440 -957 909 910 912 918 919 922 923 924 925 926 927 928 929 $
# chr11
1645 -1644 -1643 -1642 1587 1593 1594 1595 1596 1597 1598 1600 1601 1602 1603 1604 1605 1606 1607 2014 2015 2046 2047 2058 2060 2061 2062 2063 $
# chr12
1669 1670 1671 1672 1673 1674 1675 1683 1684 1685 1686 1687 1688 1689 1690 1691 1692 1693 1694 1695 1696 1697 1698 1700 1701 1702 1703 1704 1705 1706 1707 1708 1709 1710 1711 1712 1753 $
# chr13
1955 1956 1957 1958 1959 1960 1961 1962 1963 1964 1965 1966 1967 1968 1969 1970 1971 1972 1973 1974 1975 1976 1977 1978 1980 1389 1390 1391 1392 1393 1394 1395 1396 1402 1403 $
# chr14
161 -1863 -1862 -1861 -1860 1823 1824 1825 1759 1760 1761 1762 1763 1764 1765 1766 1767 1768 1769 1770 1771 1772 1773 1774 1775 1776 1780 1841 1842 1843 1844 $
# chr15
-33 -38 -37 -36 -35 417 418 419 420 421 422 423 424 425 426 427 428 429 430 431 432 433 434 435 436 437 438 439 1472 1473 1474 1475 1476 1477 1478 $
# chr16
1881 1882 1883 1884 1885 1898 1899 -1497 -1496 -1495 -1494 -1493 1888 $
# chr17
878 879 880 881 882 884 885 886 887 888 890 891 -944 95 $
# chr18
1793 -1786 -1785 -1784 -1783 -1837 -1836 -1835 -1834 1808 1809 1810 1811 1812 1813 1814 1815 -296 -295 -294 -293 -292 -291 -290 -289 -288 -287 -286 -285 -300 -297 -315 -314 $
# chr19
-1471 -1470 -1469 -1468 -1467 -1466 -1465 -1464 -1463 -1462 -1461 -1460 -1458 -1457 -1456 -1455 -1454 -1453 -1452 -970 -969 989 990 991 992 993 994 995 $
# chr2
-190 -184 -183 -182 -181 -180 -189 188 -187 -186 -185 -179 -178 -177 -176 -172 -171 -170 -169 -164 -163 -162 1610 1611 1547 1548 1549 1550 1551 1555 1556 -690 -689 -688 -687 -686 -685 -684 -683 -13 -12 -11 $
# chr20
1290 -1193 -1251 -1250 -1249 -1248 -1247 -1246 -1245 -1244 -1243 -1239 -1237 -817 $
# chr21
-340 -339 -338 -337 -336 -335 -334 -333 -332 -331 -330 -329 -328 -327 -326 -325 -324 -323 -322 -321 -320 265 266 270 271 272 275 276 277 278 279 280 281 282 283 284 $
# chr22
-493 -492 -491 -490 -489 -488 -487 -486 -485 495 496 497 498 499 500 501 502 503 504 505 506 507 508 509 510 511 512 513 514 515 516 517 518 519 520 521 522 523 524 525 526 527 528 529 530 531 532 533 534 535 $
# chr23
1222 1223 -1216 -1215 -1214 -1213 -1212 -1211 -1210 -1209 -1208 -1207 -1206 1307 1317 1318 1319 $
# chr24
-1100 -1099 -1097 -1096 -1095 -1094 -1093 -1092 -1091 1108 1109 1113 1114 1115 1116 1118 1119 1125 1126 1129 1130 1131 $
# chr25
-481 -480 -479 -478 -477 -476 -475 1490 -1912 1079 1080 1082 1083 1085 1086 $
# chr26
-462 -461 -460 -459 -458 -457 -456 444 445 446 447 448 449 450 451 452 1164 1165 1166 1167 1168 1169 $
# chr27
-398 -395 -389 -384 -383 -382 -381 -378 -377 -376 -369 -368 365 $
# chr28
200 201 237 238 239 241 242 243 244 245 -246 247 248 249 250 251 252 253 254 255 256 257 258 $
# chr29
1926 1927 1928 1929 1930 1931 1932 1933 1934 1935 1936 1937 1938 1939 1940 1941 1942 1943 1944 1945 1946 1947 1948 1949 1950 1951 1952 1953 1954 $
# chr3
-1577 -1576 -1575 -1574 1573 -1570 -1569 -1568 -1567 -1566 -1565 -1564 -1563 -1562 -1561 -1560 -1559 -1558 -1557 -655 -654 -653 652 -651 646 647 641 642 -1367 -1376 -1375 -1374 -1373 -1372 1368 -1388 -1387 -1386 -1385 -1384 -1383 -1382 -1381 -1380 -1379 -1378 -1377 $
# chr30
604 605 606 607 608 614 615 619 620 621 622 626 631 632 -635 -634 $
# chr31
-1264 -1263 -1262 -1261 -1260 -1259 -1258 -1257 -1256 1132 1144 1145 1146 1148 1151 1155 $
# chr32
1419 1420 1423 1424 1435 1437 1446 1447 1448 1449 1450 1451 $
# chr33
1265 1266 1267 1268 1278 1280 1286 1287 -1363 1361 $
# chr34
-1506 -1502 -1501 -1500 -1499 1341 1342 1343 1344 1345 1346 1347 1348 1349 1352 1353 1354 1355 1356 1357 1358 1320 1321 1322 1323 1324 1325 1326 1327 1328 1329 1330 1331 1333 1334 1335 1336 1337 1338 1339 1340 $
# chr35
1646 1647 1651 1652 1653 1655 1656 1657 1658 $
# chr36
1005 1006 1007 1008 1009 1010 1011 1012 1013 1014 1015 1016 1017 1018 1019 1020 1021 1022 1023 1024 $
# chr37
1036 1037 1038 1039 1040 1041 1042 1043 1044 1045 1046 1053 1054 1055 1056 1063 1064 1065 $
# chr38
140 145 $
# chr4
-156 -155 -154 -153 217 218 223 224 225 226 227 -1641 -1640 -1638 -1637 -1636 -1635 -1634 -1633 -1632 -1631 -1630 -1629 -1628 -1627 -1626 -1625 -1624 -1623 -1622 -1621 -1620 -1546 -1545 -1544 -1543 -1542 -1541 -1540 -1539 -1538 -1537 -1536 -1535 -1534 -1533 -1532 -1523 -1522 -1521 -1520 -1519 -1518 -1517 -1516 -1515 -1514 -1513 -1512 -1511 -1510 -1509 -1508 -1507 $
# chr5
-364 -363 -362 -361 -360 -359 -358 -357 -356 -354 -353 -352 -351 -350 -344 -343 -342 -341 723 -46 -45 -44 -43 -42 -41 -40 -39 1 2 3 4 5 6 8 9 10 -714 -713 -710 -709 -708 703 704 705 -698 -697 -696 $
# chr6
-1802 -1801 -1800 -1799 -1798 -1831 -1754 -663 -662 -661 -660 -88 -87 -82 -81 -80 -79 -78 -77 -75 -74 -73 -72 -71 -70 -69 -68 -67 -66 -65 -64 -63 -62 $
# chr7
-137 -136 141 142 144 157 158 159 160 -788 -787 -786 -785 -784 -783 -782 -781 -780 -779 -778 -777 -776 -775 769 770 771 772 773 $
# chr8
586 587 588 541 542 543 544 545 546 547 561 564 565 566 567 568 569 571 572 573 574 575 576 577 578 579 580 581 582 583 584 585 589 590 591 592 593 594 595 $
# chr9
-766 -765 -764 -763 -762 -761 760 759 -741 -740 747 749 750 -753 -752 736 737 717 -2084 -2083 -2081 2078 -2077 -2076 -2071 -2070 -2069 -2068 $
# chrX
2085 2086 2087 2088 2089 2090 2091 2092 2093 2094 2095 2096 2097 2098 2099 2100 2101 2102 2103 2104 2105 2106 2107 2108 2109 2110 2134 2135 2142 2143 2160 2161 2164 2179 $
>bosTau3	2185	30
# chr1
-1144 -1256 -1132 -1257 1258 -1259 1261 -1260 -1263 1264 1265 1266 1267 1268 1278 1280 -1286 1287 -1363 1361 -1358 -1356 1355 -1353 -1352 1357 1354 -1349 -1348 -1347 -1346 -1345 -1341 -1340 -1343 -1344 -1339 -1338 1342 1337 -1335 1334 1333 1331 1325 1326 1336 1327 1328 -1330 -1329 -1324 1323 -1322 -1321 -1317 -1320 -1319 -1318 -1307 -1148 1151 1155 -1145 1146 1206 -1207 -1208 1209 $
# chr10
-1558 -1559 1560 626 1262 631 632 604 606 605 607 608 -622 -621 620 -614 514 -615 1773 -619 561 564 565 -566 567 -568 569 571 572 573 574 581 -575 576 584 -577 578 -580 -583 -579 $
# chr11
957 -910 -909 912 918 919 922 944 923 924 -925 927 -926 928 929 880 881 -890 891 -888 -886 -887 885 882 -884 -582 879 -878 -2070 -2069 -2068 2071 2076 2077 2078 -2081 -2084 -2083 $
# chr12
-500 499 498 497 -496 -495 485 -486 -488 -487 490 -489 -493 -492 -491 -479 481 -477 -480 478 -476 -475 503 504 -505 -506 -502 -501 507 531 508 -509 510 511 516 515 512 517 -513 -526 -525 -524 527 518 -519 -520 -521 522 528 529 530 532 533 -534 535 $
# chr13
1095 -1096 1097 1099 -172 -1100 171 -169 -170 -190 179 180 -181 183 -182 176 178 -189 177 187 -188 -186 -185 -184 -163 164 162 -1091 1094 -1092 -1093 -1131 -1130 1129 1108 1109 1114 1115 1113 1116 1118 -1119 1125 1126 $
# chr14
-1980 1976 1978 -1977 -1975 1974 -1972 -1973 1928 1926 1927 -1930 -1929 1932 -1935 -1934 -1931 -1933 -1936 1937 1938 1941 -1939 1940 1942 -1943 -1969 1944 -1968 1965 -1967 1966 1964 -1963 1961 -1962 1960 -1957 -1958 1959 -1955 -1954 -1956 -1953 -1952 -1951 1949 -1948 -1950 1947 -1946 1971 -1945 1970 $
# chr15
-343 344 342 -339 -341 -340 -338 -337 -336 -335 334 354 351 -352 356 357 -358 -1693 359 -272 271 270 -266 286 -287 -265 -281 282 -283 284 285 288 289 -353 -350 -291 -292 293 -290 -294 -295 -297 -296 -300 $
# chr16
-141 -140 145 -160 159 158 -13 -12 6 10 11 -9 -8 -5 3 -4 -2 -1 -144 -142 136 -137 $
# chr17
1478 1476 1477 1475 -1473 -1474 -1472 -1471 1469 1467 1468 -1470 -1466 -1464 1463 1465 1462 1461 -1460 1456 -1455 -1453 -1458 -1457 -462 -461 -460 459 -456 458 457 444 445 -449 -448 452 -447 -446 -451 -450 1164 1165 1167 -1169 -1168 -1166 $
# chr18
846 -708 710 -709 713 -714 683 -684 685 697 -696 -690 686 689 688 687 698 -705 -703 704 847 -849 848 852 -853 854 855 856 850 851 857 860 861 862 -864 -863 865 -874 873 $
# chr19
750 -752 736 753 737 717 723 -747 -749 740 741 -766 763 764 -765 -762 -761 -760 -759 $
# chr2
-1022 -1024 1023 -1021 1019 1018 -1020 1017 -1014 1016 -1013 -1015 -1010 1011 -1012 -1008 1007 1009 -1006 1005 -995 994 -993 992 990 991 -989 -970 969 -1036 -1037 -1040 -1039 1038 -1041 1042 1044 -1043 1045 1046 1053 -1055 1056 -1054 1063 1064 1065 $
# chr20
1634 1635 1636 1556 1637 1638 -1555 -1550 1551 -1549 1546 -1548 -1544 -1543 1547 1545 -1542 -1541 -1540 1539 -1538 -1537 -1535 1536 -1534 -1532 1533 1523 1522 -1521 1520 -1519 -1516 1518 -1517 -1514 -1510 1515 -1508 -1512 1513 1511 -1507 -1506 1509 -1502 -1500 1501 1499 $
# chr21
-655 654 -653 652 -651 -646 641 647 -642 -542 -634 635 541 544 -543 545 546 547 585 586 -587 588 589 -590 593 591 -592 594 -595 $
# chr22
1215 1216 1222 1223 -1193 -1251 1249 -1250 -1248 1247 -1244 -1246 -1245 -1237 1243 -1239 1290 1086 $
# chr23
-1669 -1670 1671 1672 1673 1674 1675 1658 -1656 -1655 -1657 -1653 -1652 -1646 1647 -1651 $
# chr24
815 -814 813 -786 -785 -784 -783 -782 781 -780 -778 -776 779 777 775 769 770 771 772 -774 -773 787 -788 -800 801 -802 $
# chr25
660 -663 662 661 -1802 -1801 1799 1800 -1831 1798 -1754 $
# chr26
-237 -238 239 244 -243 -242 241 245 246 247 -248 249 250 252 251 -254 -253 255 256 258 -257 $
# chr27
1888 1493 -1494 1495 1496 1497 -1899 -1898 1214 -1213 1212 -1211 1210 $
# chr28
-157 153 154 -155 156 217 218 -223 -224 225 226 -227 200 -201 $
# chr29
333 332 331 330 329 -328 -327 326 -325 -323 -324 -2142 -322 321 -279 320 -280 -278 -276 277 -275 360 -364 361 -362 363 -314 315 $
# chr3
-95 88 87 -82 -79 80 -78 -81 77 -75 -74 -73 71 -70 -69 -72 64 67 65 -62 66 68 -63 1734 -46 -44 45 -43 -42 41 -40 -39 -38 37 -36 -35 -33 1080 -1079 1083 1082 -1085 $
# chr4
-1761 -1760 -1793 1823 1824 1825 -1813 -1815 1759 1763 1764 -1762 -1765 -1766 -1767 -1768 1769 1770 1771 1809 -1812 -1811 1810 1814 -1808 -1837 1834 1835 -1836 1842 1843 -1844 -1774 1841 -1780 -1776 1772 -1775 1786 1785 -1784 -1783 -1860 -1862 1861 1863 1881 -1882 1884 1885 1883 $
# chr5
416 417 -413 415 414 418 -369 419 420 426 422 423 421 -424 -425 427 429 428 -430 -431 -395 -410 412 411 -409 -408 407 -406 402 404 -403 -400 -399 -398 432 435 434 436 437 -440 -439 -438 433 -389 384 383 382 381 377 -376 378 -368 365 1178 -1179 1180 1181 1182 -1184 -1183 1185 1186 -1189 1187 -1190 1188 -1191 $
# chr6
1452 -1449 1450 1451 -1447 -1446 1448 -1437 1435 1376 1377 1379 1378 1380 -1381 1382 1383 1384 -1386 1387 1385 1388 1389 -1390 -1391 1392 -1394 1395 1396 1393 -1402 -1403 1419 1420 -1423 1424 1368 1454 -1372 1374 -1375 1367 -1373 $
# chr7
-1643 1644 1645 -817 -1600 -1598 1594 -1597 1593 -1587 1640 1595 1596 1641 1642 161 1601 1602 -1610 -1606 -1605 -1604 -1603 -1607 -1611 -1621 -1620 -1624 -1622 -1623 1625 1627 -1628 1626 -1629 1631 -1632 -1633 1630 1561 -1562 1563 1564 1566 -1565 -1569 -1568 1567 1570 1574 1573 1575 1576 1577 $
# chr8
1490 -1912 -523 1557 -1983 1982 2023 2024 2025 2026 -2015 -2014 2046 -2058 2060 2047 2061 -2062 2063 $
# chr9
1685 -1683 1684 1686 -1687 1688 -1690 -1689 1691 -1692 -1694 1695 -1719 1715 -1717 -1718 1716 -1714 1712 1713 -1711 -1710 -1708 -1709 -1707 1706 -1705 -1704 -1702 -1703 -1700 -1697 -1696 1720 1698 2109 1721 -1722 -1723 -1701 1724 1726 1727 1725 1728 1730 1729 1731 1732 -1733 -1736 1735 1737 1738 1740 1741 -1739 1742 1747 1749 1750 -1748 -1751 -1753 -1752 $
# chrX
-2088 2161 -2160 2164 2179 -2134 2135 2143 -2110 -2107 2108 -2106 -2102 2104 -2105 2101 2103 2100 -2094 2096 2097 2098 -2099 2095 2092 -2093 2089 2091 2087 2090 -2085 -2086 $
>monDom4	2185	9
# chr1
256 257 258 254 255 -635 -634 631 632 252 253 -218 -217 223 224 225 226 227 200 201 -239 -238 -237 -251 -250 -249 -248 -247 -246 -245 -244 -243 -242 -241 641 642 -647 -646 651 -652 653 654 655 622 626 -621 614 615 619 620 604 605 606 607 608 -545 -544 -543 -542 -541 586 587 588 589 590 -585 -584 -583 -582 -581 -580 -579 -578 -577 -576 -575 -574 -573 572 564 565 566 567 568 569 571 561 -547 546 1605 595 -1604 -1603 -1602 1600 1601 -594 -593 -592 -591 1606 1607 1610 1611 1620 1621 1622 1623 1624 1625 1626 1627 1628 1629 1630 1631 1632 1633 1634 1635 1636 1637 1638 1640 1641 1642 1643 1644 1645 1108 1109 -1116 -1115 -1114 -1113 -2071 -2070 -2069 -2068 -2063 -2062 -2061 -2060 -850 -849 -848 -847 -846 683 684 685 686 687 688 689 690 -2058 2076 2077 2078 -2081 2083 2084 -1131 -1130 -1129 -1126 -1125 1118 1119 -882 -881 -880 -879 -878 1888 -1912 -1100 -1099 -1097 -1096 -1095 -1094 -1093 -1092 -1091 -929 -928 -927 -926 -925 -924 -923 -922 -919 -918 -912 -910 -909 703 704 705 -714 -713 -698 -697 -696 708 709 710 890 891 -944 884 885 886 887 -888 $
# chr2
62 -39 -38 -37 -36 -35 -75 -74 -46 -45 -44 -43 -42 -41 -40 70 71 72 73 -69 -68 -67 -66 -65 -64 -63 136 137 1 140 141 142 144 145 -160 -159 -158 -157 -156 -155 -154 -153 752 753 -750 -749 736 737 -741 -740 747 -765 -764 -763 -762 -761 -760 -759 -766 723 1669 1670 1671 1672 1673 1674 1675 1683 1684 1685 1686 1687 1688 1689 1690 1691 1692 1693 1694 1695 1696 1697 1698 1700 1701 1702 1703 1704 1705 1706 1707 1708 1709 1710 1711 1712 1713 1714 1715 1716 1717 1718 1719 1720 1721 1722 1723 1724 1725 1726 1727 1728 1729 1730 1731 1732 1733 1734 1735 1736 1737 1738 1739 1740 1741 1742 1747 1748 1749 1750 1751 1752 1753 77 78 79 80 81 82 87 88 95 -1802 -1801 -1800 -1799 -1798 717 -1082 -1155 1349 1347 1831 -1083 -1080 -1079 1348 $
# chr3
1573 1574 1575 1576 1577 1538 1539 1540 1541 1542 1543 1544 1545 1546 1547 1548 1549 1550 1551 -1560 1597 1555 1556 1557 1558 1559 1569 1570 786 787 788 -785 -784 1499 1500 1501 1502 1506 1507 1508 1509 1510 1511 1512 1513 1514 1515 1516 1517 1518 1519 1520 1521 1522 1523 800 801 802 -1946 -1945 -1944 -1943 -1942 -1941 -1940 -1939 -1938 -1937 -1936 -1935 -1934 -1933 -1932 -1931 -1930 -1929 -1928 -1927 -1926 -783 -1568 -1567 -1566 -1565 -1564 -1563 -1562 -1561 -1537 -1536 -1535 -1534 -1533 -1532 -782 -781 -780 -779 -778 -777 -776 -775 769 770 771 772 773 774 813 814 815 -1658 -1657 -1656 -1655 -1653 -1652 -1651 1646 1647 1947 1948 1949 1950 1951 1952 1953 1954 1955 1956 1957 1958 1959 1960 1961 1962 1963 1964 1965 1966 1967 1968 1969 1970 1971 1972 1973 1974 1975 1976 1977 1978 1980 817 -462 -461 -460 -459 -458 -457 -456 -445 446 447 448 -444 -452 -451 1164 873 874 449 450 860 1165 1166 1167 1168 1169 $
# chr4
1132 -1148 1146 1151 -1145 -1144 -2110 -2109 -2108 -2107 -2106 -2105 -2104 -2103 -2102 -2101 -2100 -1278 1280 1286 1287 -1363 1361 -970 -969 989 990 991 992 993 994 995 1005 1006 1007 1008 1009 1010 1011 1012 1013 1014 1015 1016 1017 1018 1019 1020 1021 1022 1023 1024 1036 1037 1038 1039 1040 1041 1042 1043 1044 1045 -359 -358 -357 -356 -354 -353 -352 -351 -350 -344 -343 -335 -334 -333 -332 -331 -330 -329 -328 360 361 362 363 364 475 476 477 478 479 480 481 -493 -492 -491 -490 -489 -488 -342 -341 -340 -339 -338 -337 -336 -325 -324 -323 -322 -321 -320 -13 -12 861 -11 -10 -9 856 851 852 857 -865 -864 2 3 4 5 6 -863 -862 853 854 855 -327 -326 33 -8 $
# chr5
1458 -1457 -1456 -1455 -1454 -1453 -1452 -1451 -1899 -1898 -1437 -1435 -1446 1423 1424 -1420 -1419 1447 1448 1449 1450 -1497 -1496 -1495 -1494 -1493 -1490 -1478 -1477 -1476 -1475 -1474 -1473 -1472 -1471 -1470 -1469 -1468 -1467 -1466 -1465 -1464 -1463 -1462 -1461 -1460 -1403 -1402 -1396 -1395 -1394 -1393 -1392 -1391 -1390 -1389 -1388 -1387 -1386 -1385 -1384 -1383 -1382 -1381 -1380 -1379 -1378 -1377 -1376 -1375 -1374 -1373 -1372 1368 -1367 -272 -271 -270 265 266 275 276 277 278 279 280 281 282 283 284 285 286 287 288 289 290 291 292 293 294 295 296 297 300 398 399 161 314 315 1185 $
# chr6
-1598 -1596 -1595 -1594 -1593 -1587 2015 1754 -2023 1982 1983 -663 -662 -661 -660 -2014 -2026 -2025 -2047 -2046 2024 1780 1243 1244 1245 1246 1247 1248 1249 1250 1251 1193 1290 -1793 -1237 -1239 1783 1784 1785 1786 -1222 1223 $
# chr7
1256 1257 1258 1259 1260 1261 1262 1263 1264 1265 1266 1267 1268 -2099 -2098 2097 -2096 -2095 -2094 -2093 -2092 -2091 -2090 -2089 -2088 -2087 -2086 -2085 957 -535 -534 -533 -532 -531 -530 -529 -528 -527 -526 -525 -524 -523 -522 -521 -520 -519 -518 -517 -516 -515 -514 -513 -512 -511 504 505 506 507 508 509 510 502 503 -495 485 486 487 1046 -501 -500 -499 -498 -497 -496 -1064 -1063 -1056 -1055 -1054 -1053 1333 1334 1335 1336 1337 1338 1339 1340 1341 1342 1343 1344 1345 1346 -1307 -1065 -1331 -1330 -1329 -1328 -1327 -1326 -1325 -1324 -1323 -1322 -1318 -1317 1085 1086 -1352 -1358 -1357 -1356 -1355 -1354 -1353 -1321 -1320 -1319 $
# chr8
1186 1187 1188 1189 1190 389 1181 1191 -1184 1182 1183 402 403 404 -409 400 -406 -408 -407 410 411 412 413 414 415 416 417 418 419 420 421 422 -395 -1180 -1179 423 424 425 426 427 428 429 430 431 432 433 434 435 436 437 438 439 440 1178 -383 -382 -381 -378 -377 -376 368 369 365 384 169 170 171 172 -1815 -1814 -1813 -1812 -1811 -1810 -1809 -1808 1834 1835 1836 1837 1841 1842 1843 1844 1860 1861 1862 1863 1881 1882 1883 1884 1885 162 163 164 -190 -189 188 -187 -186 -185 -184 -183 -182 -181 -180 -179 -178 -177 -176 1823 1824 1825 1206 1207 1208 1209 1210 1211 1212 1213 1214 1215 1216 -1776 -1775 -1774 -1773 -1772 -1771 -1770 -1769 -1768 -1767 -1766 -1765 -1764 1759 1760 1761 1762 1763 $
# chrX
2160 2161 2142 2143 2164 2179 2134 2135 $
>galGal3	2185	26
# chr1
-1863 -1862 -1861 -1860 169 170 171 172 -1815 -1814 -1813 -1812 -1811 -1810 -1809 -1808 1834 1835 1836 1837 -1844 -1843 -1842 -1841 395 398 399 400 402 403 404 406 407 408 409 410 411 412 413 414 415 416 417 418 419 420 421 422 423 424 425 426 427 428 429 430 431 432 433 434 435 436 -1181 -1180 -1179 -1178 -440 -439 -438 -437 -389 365 376 377 378 -383 -382 -381 384 1182 1183 1184 1185 1186 1187 1188 1189 1190 1191 368 369 -95 -1280 1278 1265 1266 1267 1268 -1264 -1263 -1262 -1261 -1260 -1259 -1258 -1257 -1256 1132 1144 1145 1146 1148 1151 1155 -2110 -2109 -2108 -2107 -2106 -2105 -2104 -2103 -2102 -2101 -2100 -2099 -2098 -2097 -2096 -2095 -2094 -2093 -2092 -2091 -2090 -2089 -2088 -2087 -2086 -2085 957 -535 533 534 -532 -531 -530 -529 -528 -527 -526 -525 -524 -523 -522 -521 -520 -519 -518 -517 -516 -515 -514 -513 -512 -511 -510 -509 -508 -507 -506 -505 -504 -503 -502 -501 -500 -499 -498 -497 -496 -495 485 486 487 488 489 490 491 492 493 -481 -480 -479 -478 -477 -476 -475 -344 -343 -342 -341 -340 -339 -338 -337 -336 -335 -334 -333 -332 -331 -330 -329 -328 -327 -326 -325 -324 -323 -322 -321 -320 $
# chr10
631 632 -635 -634 -622 -621 -620 -619 614 615 641 642 -647 -646 651 652 653 654 655 626 $
# chr11
-690 -689 -688 -687 -686 -685 -684 -683 846 847 848 849 850 851 852 853 854 855 856 857 860 861 862 863 864 865 873 874 -698 -697 -696 708 709 710 -714 -713 -705 -704 -703 $
# chr12
1237 1239 -1290 1243 1244 1245 1246 1247 1248 1249 1250 1251 1193 $
# chr13
-1611 -1610 -1645 -1644 -1643 -1642 -1641 -1640 -1638 -1637 -1636 -1635 -1634 -1633 -1632 -1631 -1630 -1629 -1628 -1627 -1626 -1625 -1624 -1623 -1622 -1621 -1620 -1607 -1606 -1605 -1604 -1603 -1602 1600 1601 $
# chr14
1754 -663 -662 -661 -660 $
# chr15
-462 -461 -460 -459 -458 -457 -456 444 445 446 1164 1165 1166 1167 1168 1169 -452 -451 -450 -449 -448 -447 $
# chr17
-2083 -2058 2084 2060 2061 2062 2063 2076 2077 2078 -2081 2068 2069 2070 2071 $
# chr18
723 -765 -764 759 760 761 -766 -749 762 763 $
# chr19
-1802 -1801 -1800 -1799 -1798 1831 717 -753 -752 736 737 -750 $
# chr2
1222 -1223 1881 1882 1883 1884 1885 162 163 164 -190 -189 -188 -187 -186 -185 -184 -183 -182 -181 -180 -179 -178 -177 -176 1823 1824 1825 1759 1760 1761 1762 1763 1764 1765 1766 1767 1768 1769 1770 1771 1772 1773 1774 1775 1776 1206 1207 1208 1209 1210 1211 1212 1213 1214 1215 1216 -1780 1783 1784 1785 1786 -815 -1658 -1657 -1656 -1655 1653 -1652 -1651 1646 1647 -802 -801 -800 -1523 -1522 -1521 -1520 -1519 -1518 -1517 -1516 -1515 -1514 -1513 -1512 -1511 -1510 -1509 -1508 -1507 -1506 1793 1499 1500 1501 1502 -2047 -2046 -814 -813 -774 -773 -772 -771 -770 -769 775 776 777 778 779 780 781 782 783 1926 1927 1928 1929 1930 1931 1932 1933 1934 1935 1936 1937 1938 1939 1940 1941 1942 1943 1944 1945 1946 1947 1948 1949 1950 1951 1952 1953 1954 1955 1956 1957 1958 1959 1960 1961 1962 1963 1964 1965 1966 1967 1968 1969 1970 1971 1972 1973 1974 1975 1976 1977 1978 1980 $
# chr20
-1109 -1108 -1116 -1115 1113 1114 -1119 -1118 1129 1130 -1131 -1126 -1125 $
# chr21
-6 -5 -4 -3 -2 -1 8 9 10 11 12 -13 $
# chr23
-33 $
# chr24
360 361 362 363 364 -359 -358 -357 -356 350 351 352 353 354 $
# chr26
140 141 142 $
# chr27
-747 740 741 $
# chr28
-817 $
# chr3
922 923 -919 -918 1099 1100 -912 924 925 926 927 928 929 -1097 -1096 -1095 -1094 -1093 -1092 -1091 -145 -144 909 910 -1672 -1671 -1670 -1669 -161 -160 -159 -158 -157 -156 -155 -154 -153 -1753 -1752 -1751 -1750 -1749 -1748 -1747 1732 1733 1734 1735 1736 1737 1738 1739 1740 1741 1742 -1731 -1730 -1729 -1728 -1727 -1726 -1725 -1724 -1723 -1722 -1721 -1720 -1719 -1718 -1717 -1716 -1715 -1714 -1713 -1712 -1711 -1710 -1709 -1708 -1707 -1706 -1705 -1704 -1703 -1702 -1701 -1700 -1698 -1697 -1696 -1695 -1694 -1693 -1692 -1691 -1690 -1689 -1688 -1687 -1686 -1685 -1684 -1683 -1888 878 879 880 881 882 884 885 886 887 888 890 891 1912 -1675 -1674 1673 $
# chr4
2164 -2135 -2134 -2161 -2160 2142 2143 -2179 1460 1461 1462 1463 1464 1465 1466 1467 1468 1469 1470 1471 1472 1473 1474 1475 1476 1477 1478 1435 -1446 -1497 -1496 -1495 -1494 -1493 1490 1419 1420 1423 1424 1402 1403 -1458 -1457 -1456 -1455 -1454 -1453 -1452 -1451 -1450 -1449 -1448 -1447 1437 -1899 -1898 -1396 -1395 -1394 -1393 -1392 -1391 -1390 -1389 -1388 -1387 -1386 -1385 -1384 -1383 -1382 -1381 -1380 -1379 -1378 -1377 -1376 -1375 -1374 -1373 -1372 1368 -1367 -944 $
# chr5
607 275 276 277 278 279 280 281 282 283 284 285 286 287 288 -266 -265 270 271 272 314 315 289 290 291 292 293 294 295 296 297 -300 608 -573 -572 -571 -606 -605 -604 541 542 543 544 545 546 547 574 575 576 577 578 579 580 581 582 583 584 585 586 587 588 589 590 591 592 593 594 595 -569 -568 -567 -566 -565 -564 561 $
# chr6
217 218 -227 -226 -225 -224 -223 -242 -241 200 201 -239 -238 -237 -243 244 245 246 247 248 249 250 251 252 253 254 255 256 257 258 $
# chr7
1053 1054 1055 1056 -1086 -1085 -1083 -1082 -1080 -1079 1036 1037 1038 1039 1040 1041 1042 1043 1044 1045 1046 -1024 -1023 -1022 -1021 -1020 -1019 -1018 -1017 -1016 -1015 -1014 -1013 -1012 -1011 -1010 -1009 -1008 -1007 -1006 -1005 1286 1287 -970 -969 989 990 991 992 993 994 995 $
# chr8
87 88 -137 -136 -82 -81 -80 -79 -78 -77 -75 -74 -73 -72 -71 -70 -69 -68 -67 -66 -65 -64 -63 -62 35 36 37 38 39 40 41 42 43 44 45 46 $
# chr9
1063 1064 1065 1307 -1363 -1361 -1358 -1357 -1356 -1355 -1354 -1353 -1352 -1349 -1348 -1347 -1346 -1345 -1344 -1343 -1342 -1341 -1340 -1339 -1338 -1337 -1336 -1335 -1334 -1333 -1331 -1330 -1329 -1328 -1327 -1326 -1325 -1324 -1323 -1322 -1321 -1320 -1319 -1318 -1317 $
# chrZ
-788 -787 -786 -785 -784 2014 1532 1533 1534 1535 1536 1537 1538 1539 1540 1541 1542 1543 1544 1545 1546 1547 1548 1549 1550 1551 -1560 -1559 -1558 -1557 -1556 -1555 1982 1983 2023 2024 2025 2026 -1577 -1576 -1575 -1574 -1573 -1570 -1569 -1568 -1567 -1566 -1565 -1564 -1563 -1562 -1561 -1587 -1598 -1597 -1596 1593 1594 1595 -2015 $
